465,
474,
462,
478,
463,
482,
467,
472,
501,
486,
523,
443,
455,
454,
513,
479,
493,
71,
61,
49,
03,
05,
75,
70,
56,
72,
95,
63,
60,
84,
468,
498,
503,
452,
437,
473,
455,
441,
449,
441,
440,
466,
34,
58,
52,
41,
26,
38,
43,
40,
35,
40,
441,
436,
445,
442,
444,
434,
429,
426,
439,
448,
430,
50,
36,
44,
39,
23,
35,
46,
31,
12,
26,
27,
425,
423,
420,
423,
419,
426,
417,
417,
419,
416,
428,
441,
60,
28,
23,
29,
19,
25,
428,
416,
438,
416,
435,
430,
441,
431,
437,
431,
423,
46,
44,
61,
05,
16,
17,
28,
417,
426,
419,
407,
409,
412,
412,
398,
413,
406,
411,
416,
410,
423,
410,
417,
09,
10,
10,
13,
16,
04,
93,
411,
420,
403,
389,
413,
408,
413,
420,
417,
411,
12,
04,
18,
03,
20,
25,
22,
17,
420,
394,
